3.892802528861168954e-01 6.912502148042962702e-01
3.422155946658803627e-01 8.871353739296540253e-01
7.303316091154917755e-01 -9.420254276525469317e-01
3.938269810689674078e-01 6.690622893261926052e-01
1.791354669506151076e-01 9.528491318468400584e-01
8.330711150332420489e-01 -8.164997516170688918e-01
9.412383188092410258e-01 -3.105310171589087398e-01
2.166090099229532884e-01 1.028420476275198503e+00
5.298199839989240489e-01 -1.359218960184908898e-01
2.358140831357835587e-01 1.046378565610665223e+00
