8.751193662616413294e-01 -5.754555922916806399e-01
6.888180642898376060e-01 -7.958964015619029997e-01
8.571683986146558798e-01 -6.506107538913730171e-01
7.663289141833307117e-02 5.942286177257871671e-01
9.091026014448836401e-01 -4.094583533718024193e-01
6.306155420577048698e-01 -6.004900394068259928e-01
3.677713766415323660e-01 8.696031198938776186e-01
3.389810492201631442e-01 9.788617584550713957e-01
3.165361959529529035e-01 1.044999241563425052e+00
5.701830550284272547e-01 -2.956990536861140439e-01
9.812547048028023022e-01 1.361261858037905725e-02
8.169127705801465522e-01 -7.817947623836358773e-01
8.743743739975473606e-02 6.532840177216916455e-01
7.102187858769059003e-01 -8.378034531765388149e-01
1.583768864512464791e-01 9.699402380151380676e-01
2.025244749092138807e-01 1.086958880875933842e+00
9.752806370452618001e-01 -2.357197752837739135e-02
6.529652276916705356e-01 -6.887063645520488109e-01
3.837244739435005103e-01 7.984228878573174093e-01
5.642690881569956129e-02 4.782803501815938718e-01
5.521956859331161871e-01 -1.909871938846527950e-01
4.295384569910348782e-01 5.595221197666528923e-01
1.572041217178117289e-01 9.659059120810167265e-01
2.773473479936666708e-01 1.116394436968916271e+00
1.519890575532993893e-01 9.474201984323256109e-01
2.634484974398796364e-01 1.127552709048008195e+00
2.741764123727364888e-01 1.119605282382106104e+00
3.911355337500234119e-01 7.630310382120399915e-01
6.664187005973446487e-01 -7.341246848726363794e-01
6.043517748779554388e-01 -4.785630821420125414e-01
7.420003436109431361e-01 -8.676164053363339956e-01
4.985127518306864403e-02 4.392487897434226296e-01
9.419594140561365903e-01 -2.255294696736587223e-01
8.539988565848102287e-01 -6.628741064312184683e-01
4.613854852482247582e-01 3.713694616220467037e-01
2.853737090532476595e-01 1.106522513310621569e+00
1.494000904873247215e-01 9.379163481254502166e-01
8.715903527776345250e-01 -5.909713640815934532e-01
4.513955213229632335e-01 4.317867149190704468e-01
4.077861204594795952e-01 6.786400204572216044e-01
9.043012332743757264e-01 -4.345885704020218676e-01
1.166694531577703309e-01 8.002642770089973823e-01
9.524370565188853277e-01 -1.632976448154193072e-01
9.830188746916338483e-01 2.462742351529675910e-02
6.941488773636076415e-01 -8.079351744425835591e-01
4.230978038220709614e-01 5.957276580902950425e-01
7.519003327452861152e-01 -8.688080575986418808e-01
4.029732635528837648e-02 3.816195769033952634e-01
8.300620077416579479e-01 -7.449982596114226308e-01
5.443933346434147724e-01 -1.442079896379945825e-01
5.161949438874432472e-01 2.954033625469217050e-02
1.957915092112942901e-01 1.073674397614537313e+00
4.803397869783051499e-01 2.543354994089507271e-01
3.842768097549552619e-01 7.958341446073440295e-01
8.853144421623615479e-02 6.591339654302696971e-01
8.095926202100534042e-03 1.819669295999317149e-01
3.031083201894663182e-01 1.075961037431182765e+00
1.983970817095155326e-01 1.079016750596305307e+00
4.380465480640837184e-01 5.106291815915388055e-01
2.424821836883516157e-01 1.130005255200443370e+00
9.682915689828232031e-01 -6.679390987758040965e-02
1.314426155817169928e-01 8.662641426073074413e-01
6.760797487762056912e-01 -7.629453264070891194e-01
1.276282388076332985e-02 2.112259282628601575e-01
8.048265802577092565e-02 6.155296282325420920e-01
2.900399460683039665e-01 1.099641372050568222e+00
5.164636386468448581e-01 2.786095563952374621e-02
7.001760133540447795e-01 -8.202770243494401647e-01
6.803961919245204992e-02 5.457227848773911205e-01
8.741197800087553427e-01 -5.798860016454974176e-01
1.112805249828081600e-01 7.747233278234870735e-01
4.592917141315411289e-01 3.841185472962288516e-01
6.651321381723875881e-01 -7.300437014863856433e-01
3.930371369740329746e-01 7.537258613887314329e-01
5.766849577867154686e-01 -3.322772205893758102e-01
5.718730778094081035e-01 -3.052777142064985738e-01
9.273518556831474857e-01 -3.096542198123485856e-01
5.542501093612342000e-01 -2.031803672443532327e-01
2.787543976337807372e-01 1.114844324084674598e+00
1.830260626869847362e-01 1.043879153929750503e+00
1.388745750546244162e-01 8.971072897137541968e-01
1.209728135343939304e-01 8.201106745682003041e-01
2.324193986469628159e-01 1.125025914635678914e+00
6.705252926260382162e-01 -7.467712777078119313e-01
7.790712089160000131e-01 -8.522433719518560657e-01
8.466247232882088136e-01 -6.901789255964170255e-01
9.294672534503826133e-01 -2.976850093739022984e-01
2.572744205581511956e-03 1.472849843352816435e-01
4.672185574541434239e-01 3.356392513395977106e-01
7.792993806183515781e-01 -8.519819459206376955e-01
1.823973871999604590e-01 1.042258429161817324e+00
1.685726591493692528e-01 1.003071671532548059e+00
9.611580870683517075e-01 -1.105148341513197685e-01
2.448805464180063840e-01 1.130603363274899298e+00
2.348773871462821461e-01 1.126609827936241981e+00
7.950796984715572391e-01 -8.290331978770335564e-01
2.175378348395374806e-01 1.110391649962252147e+00
2.618682700027964438e-01 1.128341565230105203e+00
9.653397704762389786e-02 7.011494260096300390e-01
2.022021346247241391e-01 1.086361691732397716e+00
