9.267568181474062916e-01 -4.809541645648373609e-01
8.881187087408112246e-01 -6.833135216646816223e-01
3.640474731810513509e-01 7.172290766783404603e-01
1.086300233303546525e-01 5.939415975065900355e-01
6.196077452395831742e-01 -7.195748280568801114e-01
2.740916376942030830e-01 9.517386622101151605e-01
1.108071430778327926e-01 6.044969572730015672e-01
4.691922684217719741e-01 1.555376904636760482e-01
2.305427836913637174e-01 9.557099464023836033e-01
3.110149029262554432e-02 1.573486304556338533e-01
7.936637522076313012e-01 -9.994286139270042169e-01
6.848865873093160639e-01 -9.542978101808484714e-01
8.812019035798455135e-01 -7.158490481301835739e-01
9.184927292041785707e-01 -5.268573971896390873e-01
6.700518342394217175e-01 -9.132899553663633707e-01
9.907755890458934678e-01 -9.475266187568079368e-02
7.461883934946570429e-01 -1.036539657961216054e+00
5.474207276789360144e-01 -3.303906471024093405e-01
1.258966707973574461e-02 4.219431909238374051e-02
1.928957994864085590e-01 8.994937650438230570e-01
