7.697998948631552540e-01 -1.013070071022948104e+00
5.249153585740894412e-01 -1.767077454736215025e-01
3.173255972541041414e-01 8.910550960061492942e-01
3.339152549720455498e-01 8.433928855725751905e-01
3.585388317742731479e-01 7.555341722212579603e-01
5.527025755910665028e-01 -3.459199245688120983e-01
5.198442049237261831e-01 -1.451605759066460499e-01
3.795591544884001634e-01 6.657650849820099248e-01
6.816361065822175158e-01 -9.299547330008161028e-01
9.600915348379465142e-01 -2.689313572293070553e-01
5.879013023601034060e-01 -5.454453698074742674e-01
7.748420215595274163e-01 -1.008641704807700767e+00
7.065985451625641511e-01 -9.838459482395609523e-01
7.757911512165072132e-02 4.475704991429625412e-01
9.819493307903377488e-01 -1.339712819888537465e-01
4.113394987471429287e-01 5.079031957251639584e-01
3.976194173132434617e-01 5.790214633550625489e-01
3.419227239684718977e-02 1.923890032942555672e-01
1.089308103173680653e-01 6.114348284607206141e-01
2.840110108908058262e-01 9.564548811071589274e-01
5.622977205126494793e-01 -4.023074828636615252e-01
8.730697435317651411e-01 -7.364290428872412031e-01
4.039747129768765932e-01 5.466012146035362784e-01
8.610910471985698811e-01 -7.869240429672152981e-01
7.658328252646524614e-01 -1.015854459748875893e+00
5.368611062643353637e-01 -2.503386935056861051e-01
3.616395509013157206e-01 7.431074136203158487e-01
1.238551099438960357e-01 6.812033444865081000e-01
9.037097138226937165e-01 -5.895686365594546841e-01
1.267131788146799165e-01 6.938785491088029778e-01
3.861264229496580436e-01 6.351878447847493225e-01
2.910400105798651715e-01 9.461388366679315265e-01
5.957088860831560861e-01 -5.865602315931374156e-01
5.451050929451779492e-01 -3.004237175426852646e-01
2.201202843388300190e-01 9.616300143947927870e-01
9.725343622461604109e-01 -1.925149796103726718e-01
6.189425515026669711e-02 3.583658043085881095e-01
9.982404003845715135e-01 -3.185423795494925214e-02
5.810595851568811643e-01 -5.083756003049167971e-01
5.272049340807561935e-01 -1.909010313620654320e-01
7.335545045410526432e-01 -1.015464766760597604e+00
5.277896051296435687e-01 -1.945199343779645540e-01
4.972494611692461763e-01 -3.517287837945543699e-03
2.126690270414083317e-01 9.518187248108433973e-01
9.997633427728324085e-01 -2.228553339992730628e-02
6.135774568023686371e-01 -6.753795418695327513e-01
5.840171647724727855e-01 -5.245149451040465038e-01
7.338857797075883926e-01 -1.015677307182668798e+00
1.013954425958026873e-01 5.740573148541154858e-01
8.690759124857493356e-01 -7.537295166922488576e-01
